2.80141 1
2.81841 1
2.89802 1
2.94841 1
2.96041 1
2.9746 1
3.04541 1
3.1794 1
3.18356 1
3.18844 1
3.19296 1
3.19728 1
3.20419 1
3.21441 1
3.23098 1
3.44541 1
3.47941 1
3.61741 1
3.62441 1
3.7938 1
3.87441 1
3.98541 1
4.02541 1
4.2034 1
4.20773 1
4.38341 1
4.613 1
4.62341 1
4.77141 1
4.8178 1
4.82333 1
5.0226 1
5.20229 1
5.23941 1
5.26041 1
5.52641 1
5.66141 1
5.69141 1
5.71241 1
5.7908 1
5.92941 1
5.9956 1
6.13741 1
6.18141 1
6.2514 1
6.25573 1
6.4562 1
6.46163 1
6.53841 1
6.55241 1
6.63623 1
6.66118 1
6.8658 1
6.87019 1
6.87502 1
6.90641 1
7.12441 1
7.15307 1
7.23341 1
7.23841 1
7.37941 1
7.45841 1
7.4802 1
7.67041 1
7.73941 1
7.86495 1
7.8898 1
7.94041 1
8.01541 1
8.0436 1
8.0946 1
8.10941 1
8.18641 1
8.2994 1
8.37341 1
8.37757 1
8.39941 1
8.54141 1
8.55841 1
8.56441 1
8.70241 1
8.88838 1
8.91845 1
8.92318 1
8.92754 1
9.08441 1
9.29845 1
9.30276 1
9.3234 1
9.32789 1
9.3321 1
9.46141 1
9.47541 1
9.5282 1
9.54441 1
9.54857 1
9.55641 1
9.733 1
9.74641 1
9.76141 1
9.76593 1
9.86628 1
9.8868 1
9.89389 1
9.91285 1
9.9378 1
10.066 1
10.0914 1
10.1426 1
10.1472 1
10.1784 1
10.1828 1
10.3164 1
10.3944 1
10.3989 1
10.5522 1
10.6364 1
10.7317 1
10.7363 1
10.757 1
10.8934 1
10.9365 1
10.9618 1
11.1666 1
11.2944 1
11.3684 1
11.4261 1
11.4749 1
11.4844 1
11.5284 1
11.5508 1
11.5762 1
11.6124 1
11.617 1
11.781 1
11.7854 1
11.7896 1
11.8524 1
11.8764 1
11.9348 1
11.9858 1
11.9909 1
12.1104 1
12.1394 1
12.2134 1
12.3444 1
12.3974 1
12.4924 1
12.7035 1
12.805 1
12.8184 1
12.8904 1
12.9588 1
12.9845 1
13.0098 1
13.0454 1
13.1244 1
13.138 1
13.1704 1
13.1834 1
13.2182 1
13.2225 1
13.2275 1
13.2357 1
13.4457 1
13.4794 1
13.6242 1
13.6291 1
13.829 1
13.8744 1
14.0092 1
14.0338 1
14.1094 1
14.2386 1
14.4182 1
14.6482 1
14.6537 1
14.7454 1
14.7776 1
14.8032 1
14.9704 1
15.2374 1
15.2442 1
15.2654 1
15.6468 1
15.6614 1
15.6914 1
15.7124 1
15.7424 1
15.9294 1
16.0308 1
16.1374 1
16.1814 1
16.4384 1
16.4881 1
16.5494 1
16.5715 1
16.6454 1
16.6708 1
16.8594 1
16.8659 1
16.901 1
16.9064 1
17.1244 1
17.1572 1
17.2596 1
17.2652 1
17.3794 1
17.4414 1
17.4907 1
17.6967 1
17.7394 1
17.8634 1
17.8996 1
17.9404 1
17.9944 1
18.0154 1
18.0788 1
18.1094 1
18.1864 1
18.3346 1
18.3734 1
18.3776 1
18.3994 1
18.5414 1
18.5584 1
18.5644 1
18.7189 1
18.7231 1
18.847 1
18.949 1
18.9539 1
19.1028 1
19.282 1
19.3335 1
19.3381 1
19.3586 1
19.3638 1
19.4868 1
19.4913 1
19.5124 1
19.5634 1
19.569 1
19.5732 1
19.6824 1
19.7682 1
19.7726 1
19.7774 1
19.8374 1
19.8434 1
19.8524 1
19.8594 1
19.922 1
20.0644 1
20.1012 1
20.1778 1
20.1822 1
20.1921 1
20.1979 1
20.3316 1
20.3944 1
20.3993 1
20.5254 1
20.6364 1
20.6664 1
20.7674 1
20.7922 1
20.9204 1
20.9721 1
20.997 1
21.1564 1
21.2944 1
21.3054 1
21.3815 1
21.4066 1
21.4844 1
21.4984 1
21.5604 1
21.6114 1
21.6157 1
21.6201 1
21.7804 1
21.7909 1
21.8162 1
21.8524 1
21.8764 1
21.9444 1
21.9594 1
21.97 1
22.1104 1
22.1492 1
22.2258 1
22.3796 1
22.4055 1
22.4924 1
22.7014 1
22.8014 1
22.8402 1
22.8904 1
22.9604 1
22.994 1
23.0196 1
23.0454 1
23.1244 1
23.1374 1
23.1417 1
23.1995 1
23.2042 1
23.2255 1
23.2505 1
23.2562 1
23.4546 1
23.4794 1
23.6174 1
23.6244 1
23.7876 1
23.8744 1
24.0436 1
24.069 1
24.1094 1
24.1724 1
24.3664 1
24.5814 1
24.6834 1
24.7454 1
24.7694 1
24.7739 1
24.9704 1
25.1694 1
25.2725 1
25.2771 1
25.5264 1
25.6821 1
25.7074 1
25.7124 1
25.7424 1
25.9294 1
25.9824 1
26.1374 1
26.1814 1
26.2034 1
26.2104 1
26.3684 1
26.45 1
26.5384 1
26.5524 1
26.5664 1
27.1797 1
27.1916 1
27.2334 1
27.2384 1
27.2962 1
27.3794 1
27.4414 1
27.5252 1
27.7305 1
27.8836 1
27.9092 1
27.9348 1
27.9602 1
27.9944 1
28.0185 1
28.0434 1
28.1397 1
28.1864 1
28.2564 1
28.3734 1
28.3776 1
28.3999 1
28.5644 1
28.5746 1
28.5802 1
28.754 1
28.7588 1
28.8444 1
28.8874 1
28.9004 1
29.138 1
29.2644 1
29.2734 1
29.3684 1
29.3954 1
29.4972 1
29.522 1
29.5272 1
29.5476 1
29.5986 1
29.6032 1
29.6078 1
29.6824 1
29.7464 1
29.8034 1
29.8114 1
29.8374 1
29.8434 1
29.8524 1
29.8594 1
29.8884 1
30.0644 1
30.0784 1
30.0914 1
30.1014 1
30.1814 1
30.213 1
30.3668 1
30.3944 1
30.4178 1
30.546 1
30.6364 1
30.6664 1
30.7084 1
30.8022 1
30.8934 1
30.9264 1
31.0352 1
31.186 1
31.2944 1
31.3054 1
31.4167 1
31.4418 1
31.4844 1
31.4984 1
31.5308 1
31.5364 1
31.6466 1
31.6512 1
31.7748 1
31.8004 1
31.8267 1
31.8524 1
31.8764 1
31.9164 1
31.9424 1
31.9875 1
32.1104 1
32.1394 1
32.261 1
32.3324 1
32.4408 1
32.4924 1
32.7014 1
32.8244 1
32.8289 1
32.8904 1
32.9484 1
32.9604 1
32.966 1
33.0802 1
33.1244 1
33.1374 1
33.1419 1
33.1564 1
33.1704 1
33.2284 1
33.234 1
33.2596 1
33.4454 1
33.4957 1
33.6436 1
33.6482 1
33.7824 1
33.8994 1
33.9854 1
34.0276 1
34.1094 1
34.1724 1
34.3664 1
34.5794 1
34.6234 1
34.7454 1
34.7694 1
34.7743 1
34.9704 1
35.1694 1
35.3079 1
35.3124 1
35.5264 1
35.7172 1
35.7426 1
35.747 1
35.7515 1
35.9474 1
35.9824 1
36.1522 1
36.1814 1
36.2034 1
36.2104 1
36.3843 1
36.4852 1
36.5618 1
36.5664 1
36.5717 1
36.6454 1
36.8584 1
36.8626 1
36.9204 1
36.9463 1
37.1252 1
37.1762 1
37.2334 1
37.2384 1
37.381 1
37.4414 1
37.4584 1
37.6704 1
37.7396 1
37.8454 1
37.8634 1
37.9444 1
37.9954 1
38.0154 1
38.0434 1
38.1748 1
38.1864 1
38.2564 1
38.3801 1
38.3994 1
38.406 1
38.5852 1
38.6098 1
38.6156 1
38.7024 1
38.707 1
38.8444 1
38.8874 1
38.9004 1
39.0844 1
39.2644 1
39.2734 1
39.2904 1
39.2946 1
39.3234 1
39.4614 1
39.4754 1
39.5104 1
39.5444 1
39.5572 1
39.5622 1
39.6824 1
39.762 1
39.7678 1
39.7726 1
39.8386 1
39.8434 1
39.8549 1
39.8594 1
39.8884 1
40.0644 1
40.0784 1
40.0914 1
40.1014 1
40.1972 1
40.2482 1
40.3164 1
40.3954 1
40.4277 1
40.5254 1
40.6578 1
40.6664 1
40.7084 1
40.7254 1
40.8934 1
40.926 1
40.9594 1
41.1564 1
41.2944 1
41.3054 1
41.3474 1
41.3684 1
41.4844 1
41.4984 1
41.5284 1
41.5364 1
41.6818 1
41.6867 1
41.8388 1
41.8435 1
41.8524 1
41.8764 1
42.0194 1
42.0241 1
42.0287 1
42.0404 1
42.1104 1
42.1394 1
42.2196 1
42.3324 1
42.4756 1
42.4924 1
42.7058 1
42.8014 1
42.8596 1
42.9106 1
42.9484 1
42.9604 1
42.9664 1
43.1154 1
43.1244 1
43.1374 1
43.1417 1
43.1584 1
43.1704 1
43.1834 1
43.2144 1
43.2466 1
43.474 1
43.4794 1
43.6174 1
43.6244 1
43.7824 1
43.8744 1
43.9854 1
44.0254 1
44.1724 1
44.2164 1
44.3664 1
44.5794 1
44.6234 1
44.7538 1
44.7694 1
44.7737 1
44.9704 1
45.1694 1
45.2394 1
45.2604 1
45.5476 1
45.6614 1
45.6914 1
45.7124 1
45.7424 1
45.9294 1
45.9826 1
46.1874 1
46.193 1
46.2034 1
46.2104 1
46.3922 1
46.4384 1
46.5719 1
46.597 1
46.6487 1
46.6742 1
46.8584 1
46.8627 1
46.8671 1
46.9813 1
47.1604 1
47.2114 1
47.2334 1
47.2384 1
47.4162 1
47.4414 1
47.4584 1
47.6704 1
47.7748 1
47.8454 1
47.8634 1
47.9796 1
48.0306 1
48.0503 1
48.1076 1
48.1123 1
48.2103 1
48.2564 1
48.4149 1
48.4194 1
48.4402 1
48.5434 1
48.6202 1
48.645 1
48.7024 1
48.7067 1
48.8498 1
48.8874 1
48.9004 1
49.0844 1
49.2644 1
49.2734 1
49.2904 1
49.2946 1
49.3234 1
49.4642 1
49.4754 1
49.5104 1
49.5444 1
49.5486 1
50.2033 1
60.8564 1
82.77 1
93.6244 1
