2.79873 2
2.81573 2
2.88773 2
2.94573 2
2.95773 2
2.95773 2
3.04273 2
3.12173 2
3.13473 2
3.13773 2
3.15373 2
3.16773 2
3.18073 2
3.21173 2
3.22573 2
3.44273 2
3.47673 2
3.61473 2
3.62173 2
3.77973 2
3.87173 2
3.98273 2
4.02273 2
4.10673 2
4.16973 2
4.36373 2
4.57673 2
4.62073 2
4.74273 2
4.76673 2
4.76873 2
4.96773 2
5.16673 2
5.23673 2
5.25773 2
5.52373 2
5.65873 2
5.68873 2
5.70973 2
5.73973 2
5.92673 2
5.97973 2
6.13473 2
6.17873 2
6.20073 2
6.20773 2
6.36573 2
6.43573 2
6.53573 2
6.54973 2
6.56373 2
6.64273 2
6.85573 2
6.85673 2
6.85873 2
6.90373 2
7.12173 2
7.14773 2
7.23073 2
7.23573 2
7.37673 2
7.43873 2
7.45573 2
7.66773 2
7.73673 2
7.84273 2
7.86073 2
7.93773 2
7.99173 2
8.01273 2
8.04073 2
8.10673 2
8.18373 2
8.25373 2
8.37073 2
8.37473 2
8.39673 2
8.53873 2
8.55573 2
8.56173 2
8.69973 2
8.70173 2
8.84173 2
8.88473 2
8.89773 2
9.08173 2
9.26173 2
9.27073 2
9.28773 2
9.29173 2
9.32073 2
9.45873 2
9.47273 2
9.50773 2
9.54173 2
9.54573 2
9.55373 2
9.67973 2
9.74373 2
9.75873 2
9.76073 2
9.83473 2
9.84073 2
9.84973 2
9.85673 2
9.88573 2
10.0617 2
10.0757 2
10.0887 2
10.0987 2
10.1757 2
10.1787 2
10.3137 2
10.3917 2
10.3927 2
10.5227 2
10.6337 2
10.6637 2
10.7057 2
10.7227 2
10.8907 2
10.9207 2
10.9557 2
11.1537 2
11.2917 2
11.3027 2
11.3447 2
11.3657 2
11.4817 2
11.4957 2
11.5257 2
11.5337 2
11.6097 2
11.6117 2
11.7707 2
11.7777 2
11.7797 2
11.8497 2
11.8737 2
11.9137 2
11.9397 2
11.9567 2
12.1077 2
12.1367 2
12.2107 2
12.3297 2
12.3947 2
12.4897 2
12.6987 2
12.7987 2
12.8157 2
12.8877 2
12.9457 2
12.9577 2
12.9577 2
13.0427 2
13.1217 2
13.1347 2
13.1377 2
13.1537 2
13.1677 2
13.1807 2
13.2117 2
13.2257 2
13.4427 2
13.4767 2
13.6147 2
13.6217 2
13.7797 2
13.8717 2
13.9827 2
14.0227 2
14.1067 2
14.1697 2
14.3637 2
14.5767 2
14.6207 2
14.7427 2
14.7667 2
14.7687 2
14.9677 2
15.1667 2
15.2367 2
15.2577 2
15.5237 2
15.6587 2
15.6887 2
15.7097 2
15.7397 2
15.9267 2
15.9797 2
16.1347 2
16.1787 2
16.2007 2
16.2077 2
16.3657 2
16.4357 2
16.5357 2
16.5497 2
16.5637 2
16.6427 2
16.8557 2
16.8567 2
16.8587 2
16.9037 2
17.1217 2
17.1477 2
17.2307 2
17.2357 2
17.3767 2
17.4387 2
17.4557 2
17.6677 2
17.7367 2
17.8427 2
17.8607 2
17.9377 2
17.9917 2
18.0127 2
18.0407 2
18.1067 2
18.1837 2
18.2537 2
18.3707 2
18.3747 2
18.3967 2
18.5387 2
18.5557 2
18.5617 2
18.6997 2
18.7017 2
18.8417 2
18.8847 2
18.8977 2
19.0817 2
19.2617 2
19.2707 2
19.2877 2
19.2917 2
19.3207 2
19.4587 2
19.4727 2
19.5077 2
19.5417 2
19.5457 2
19.5537 2
19.6797 2
19.7437 2
19.7587 2
19.7607 2
19.8347 2
19.8407 2
19.8497 2
19.8567 2
19.8857 2
20.0617 2
20.0757 2
20.0887 2
20.0987 2
20.1757 2
20.1787 2
20.3137 2
20.3917 2
20.3927 2
20.5227 2
20.6337 2
20.6637 2
20.7057 2
20.7227 2
20.8907 2
20.9207 2
20.9557 2
21.1537 2
21.2917 2
21.3027 2
21.3447 2
21.3657 2
21.4817 2
21.4957 2
21.5257 2
21.5337 2
21.6097 2
21.6117 2
21.7707 2
21.7777 2
21.7797 2
21.8497 2
21.8737 2
21.9137 2
21.9397 2
21.9567 2
22.1077 2
22.1367 2
22.2107 2
22.3297 2
22.3947 2
22.4897 2
22.6987 2
22.7987 2
22.8157 2
22.8877 2
22.9457 2
22.9577 2
22.9577 2
23.0427 2
23.1217 2
23.1347 2
23.1377 2
23.1537 2
23.1677 2
23.1807 2
23.2117 2
23.2257 2
23.4427 2
23.4767 2
23.6147 2
23.6217 2
23.7797 2
23.8717 2
23.9827 2
24.0227 2
24.1067 2
24.1697 2
24.3637 2
24.5767 2
24.6207 2
24.7427 2
24.7667 2
24.7687 2
24.9677 2
25.1667 2
25.2367 2
25.2577 2
25.5237 2
25.6587 2
25.6887 2
25.7097 2
25.7397 2
25.9267 2
25.9797 2
26.1347 2
26.1787 2
26.2007 2
26.2077 2
26.3657 2
26.4357 2
26.5357 2
26.5497 2
26.5637 2
26.6427 2
26.8557 2
26.8567 2
26.8587 2
26.9037 2
27.1217 2
27.1477 2
27.2307 2
27.2357 2
27.3767 2
27.4387 2
27.4557 2
27.6677 2
27.7367 2
27.8427 2
27.8607 2
27.9377 2
27.9917 2
28.0127 2
28.0407 2
28.1067 2
28.1837 2
28.2537 2
28.3707 2
28.3747 2
28.3967 2
28.5387 2
28.5557 2
28.5617 2
28.6997 2
28.7017 2
28.8417 2
28.8847 2
28.8977 2
29.0817 2
29.2617 2
29.2707 2
29.2877 2
29.2917 2
29.3207 2
29.4587 2
29.4727 2
29.5077 2
29.5417 2
29.5457 2
29.5537 2
29.6797 2
29.7437 2
29.7587 2
29.7607 2
29.8347 2
29.8407 2
29.8497 2
29.8567 2
29.8857 2
30.0617 2
30.0757 2
30.0887 2
30.0987 2
30.1757 2
30.1787 2
30.3137 2
30.3917 2
30.3927 2
30.5227 2
30.6337 2
30.6637 2
30.7057 2
30.7227 2
30.8907 2
30.9207 2
30.9557 2
31.1537 2
31.2917 2
31.3027 2
31.3447 2
31.3657 2
31.4817 2
31.4957 2
31.5257 2
31.5337 2
31.6097 2
31.6117 2
31.7707 2
31.7777 2
31.7797 2
31.8497 2
31.8737 2
31.9137 2
31.9397 2
31.9567 2
32.1077 2
32.1367 2
32.2107 2
32.3297 2
32.3947 2
32.4897 2
32.6987 2
32.7987 2
32.8157 2
32.8877 2
32.9457 2
32.9577 2
32.9577 2
33.0427 2
33.1217 2
33.1347 2
33.1377 2
33.1537 2
33.1677 2
33.1807 2
33.2117 2
33.2257 2
33.4427 2
33.4767 2
33.6147 2
33.6217 2
33.7797 2
33.8717 2
33.9827 2
34.0227 2
34.1067 2
34.1697 2
34.3637 2
34.5767 2
34.6207 2
34.7427 2
34.7667 2
34.7687 2
34.9677 2
35.1667 2
35.2367 2
35.2577 2
35.5237 2
35.6587 2
35.6887 2
35.7097 2
35.7397 2
35.9267 2
35.9797 2
36.1347 2
36.1787 2
36.2007 2
36.2077 2
36.3657 2
36.4357 2
36.5357 2
36.5497 2
36.5637 2
36.6427 2
36.8557 2
36.8567 2
36.8587 2
36.9037 2
37.1217 2
37.1477 2
37.2307 2
37.2357 2
37.3767 2
37.4387 2
37.4557 2
37.6677 2
37.7367 2
37.8427 2
37.8607 2
37.9377 2
37.9917 2
38.0127 2
38.0407 2
38.1067 2
38.1837 2
38.2537 2
38.3707 2
38.3747 2
38.3967 2
38.5387 2
38.5557 2
38.5617 2
38.6997 2
38.7017 2
38.8417 2
38.8847 2
38.8977 2
39.0817 2
39.2617 2
39.2707 2
39.2877 2
39.2917 2
39.3207 2
39.4587 2
39.4727 2
39.5077 2
39.5417 2
39.5457 2
39.5537 2
39.6797 2
39.7437 2
39.7587 2
39.7607 2
39.8347 2
39.8407 2
39.8497 2
39.8567 2
39.8857 2
40.0617 2
40.0757 2
40.0887 2
40.0987 2
40.1757 2
40.1787 2
40.3137 2
40.3917 2
40.3927 2
40.5227 2
40.6337 2
40.6637 2
40.7057 2
40.7227 2
40.8907 2
40.9207 2
40.9557 2
41.1537 2
41.2917 2
41.3027 2
41.3447 2
41.3657 2
41.4817 2
41.4957 2
41.5257 2
41.5337 2
41.6097 2
41.6117 2
41.7707 2
41.7777 2
41.7797 2
41.8497 2
41.8737 2
41.9137 2
41.9397 2
41.9567 2
42.1077 2
42.1367 2
42.2107 2
42.3297 2
42.3947 2
42.4897 2
42.6987 2
42.7987 2
42.8157 2
42.8877 2
42.9457 2
42.9577 2
42.9577 2
43.0427 2
43.1217 2
43.1347 2
43.1377 2
43.1537 2
43.1677 2
43.1807 2
43.2117 2
43.2257 2
43.4427 2
43.4767 2
43.6147 2
43.6217 2
43.7797 2
43.8717 2
43.9827 2
44.0227 2
44.1067 2
44.1697 2
44.3637 2
44.5767 2
44.6207 2
44.7427 2
44.7667 2
44.7687 2
44.9677 2
45.1667 2
45.2367 2
45.2577 2
45.5237 2
45.6587 2
45.6887 2
45.7097 2
45.7397 2
45.9267 2
45.9797 2
46.1347 2
46.1787 2
46.2007 2
46.2077 2
46.3657 2
46.4357 2
46.5357 2
46.5497 2
46.5637 2
46.6427 2
46.8557 2
46.8567 2
46.8587 2
46.9037 2
47.1217 2
47.1477 2
47.2307 2
47.2357 2
47.3767 2
47.4387 2
47.4557 2
47.6677 2
47.7367 2
47.8427 2
47.8607 2
47.9377 2
47.9917 2
48.0127 2
48.0407 2
48.1067 2
48.1837 2
48.2537 2
48.3707 2
48.3747 2
48.3967 2
48.5387 2
48.5557 2
48.5617 2
48.6997 2
48.7017 2
48.8417 2
48.8847 2
48.8977 2
49.0817 2
49.2617 2
49.2707 2
49.2877 2
49.2917 2
49.3207 2
49.4587 2
49.4727 2
49.5077 2
49.5417 2
49.5457 2
49.5537 2
49.6797 2
49.7437 2
49.7587 2
49.7607 2
49.8347 2
49.8407 2
49.8497 2
49.8567 2
49.8857 2
50.0617 2
50.0757 2
50.0887 2
50.0987 2
50.1757 2
50.1787 2
50.3137 2
50.3917 2
50.3927 2
50.5227 2
50.6337 2
50.6637 2
50.7057 2
50.7227 2
50.8907 2
50.9207 2
50.9557 2
51.1537 2
51.2917 2
51.3027 2
51.3447 2
51.3657 2
51.4817 2
51.4957 2
51.5257 2
51.5337 2
51.6097 2
51.6117 2
51.7707 2
51.7777 2
51.7797 2
51.8497 2
51.8737 2
51.9137 2
51.9397 2
51.9567 2
52.1077 2
52.1367 2
52.2107 2
52.3297 2
52.3947 2
52.4897 2
52.6987 2
52.7987 2
52.8157 2
52.8877 2
52.9457 2
52.9577 2
52.9577 2
53.0427 2
53.1217 2
53.1347 2
53.1377 2
53.1537 2
53.1677 2
53.1807 2
53.2117 2
53.2257 2
53.4427 2
53.4767 2
53.6147 2
53.6217 2
53.7797 2
53.8717 2
53.9827 2
54.0227 2
54.1067 2
54.1697 2
54.3637 2
54.5767 2
54.6207 2
54.7427 2
54.7667 2
54.7687 2
54.9677 2
55.1667 2
55.2367 2
55.2577 2
55.5237 2
55.6587 2
55.6887 2
55.7097 2
55.7397 2
55.9267 2
55.9797 2
56.1347 2
56.1787 2
56.2007 2
56.2077 2
56.3657 2
56.4357 2
56.5357 2
56.5497 2
56.5637 2
56.6427 2
56.8557 2
56.8567 2
56.8587 2
56.9037 2
57.1217 2
57.1477 2
57.2307 2
57.2357 2
57.3767 2
57.4387 2
57.4557 2
57.6677 2
57.7367 2
57.8427 2
57.8607 2
57.9377 2
57.9917 2
58.0127 2
58.0407 2
58.1067 2
58.1837 2
58.2537 2
58.3707 2
58.3747 2
58.3967 2
58.5387 2
58.5557 2
58.5617 2
58.6997 2
58.7017 2
58.8417 2
58.8847 2
58.8977 2
59.0817 2
59.2617 2
59.2707 2
59.2877 2
59.2917 2
59.3207 2
59.4587 2
59.4727 2
59.5077 2
59.5417 2
59.5457 2
59.5537 2
59.6797 2
59.7437 2
59.7587 2
59.7607 2
59.8347 2
59.8407 2
59.8497 2
59.8567 2
59.8857 2
60.0617 2
60.0757 2
60.0887 2
60.0987 2
60.1757 2
60.1787 2
60.3137 2
60.3917 2
60.3927 2
60.5227 2
60.6337 2
60.6637 2
60.7057 2
60.7227 2
60.8907 2
60.9207 2
60.9557 2
61.1537 2
61.2917 2
61.3027 2
61.3447 2
61.3657 2
61.4817 2
61.4957 2
61.5257 2
61.5337 2
61.6097 2
61.6117 2
61.7707 2
61.7777 2
61.7797 2
61.8497 2
61.8737 2
61.9137 2
61.9397 2
61.9567 2
62.1077 2
62.1367 2
62.2107 2
62.3297 2
62.3947 2
62.4897 2
62.6987 2
62.7987 2
62.8157 2
62.8877 2
62.9457 2
62.9577 2
62.9577 2
63.0427 2
63.1217 2
63.1347 2
63.1377 2
63.1537 2
63.1677 2
63.1807 2
63.2117 2
63.2257 2
63.4427 2
63.4767 2
63.6147 2
63.6217 2
63.7797 2
63.8717 2
63.9827 2
64.0227 2
64.1067 2
64.1697 2
64.3637 2
64.5767 2
64.6207 2
64.7427 2
64.7667 2
64.7687 2
64.9677 2
65.1667 2
65.2367 2
65.2577 2
65.5237 2
65.6587 2
65.6887 2
65.7097 2
65.7397 2
65.9267 2
65.9797 2
66.1347 2
66.1787 2
66.2007 2
66.2077 2
66.3657 2
66.4357 2
66.5357 2
66.5497 2
66.5637 2
66.6427 2
66.8557 2
66.8567 2
66.8587 2
66.9037 2
67.1217 2
67.1477 2
67.2307 2
67.2357 2
67.3767 2
67.4387 2
67.4557 2
67.6677 2
67.7367 2
67.8427 2
67.8607 2
67.9377 2
67.9917 2
68.0127 2
68.0407 2
68.1067 2
68.1837 2
68.2537 2
68.3707 2
68.3747 2
68.3967 2
68.5387 2
68.5557 2
68.5617 2
68.6997 2
68.7017 2
68.8417 2
68.8847 2
68.8977 2
69.0817 2
69.2617 2
69.2707 2
69.2877 2
69.2917 2
69.3207 2
69.4587 2
69.4727 2
69.5077 2
69.5417 2
69.5457 2
69.5537 2
69.6797 2
69.7437 2
69.7587 2
69.7607 2
69.8347 2
69.8407 2
69.8497 2
69.8567 2
69.8857 2
70.0617 2
70.0757 2
70.0887 2
70.0987 2
70.1757 2
70.1787 2
70.3137 2
70.3917 2
70.3927 2
70.5227 2
70.6337 2
70.6637 2
70.7057 2
70.7227 2
70.8907 2
70.9207 2
70.9557 2
71.1537 2
71.2917 2
71.3027 2
71.3447 2
71.3657 2
71.4817 2
71.4957 2
71.5257 2
71.5337 2
71.6097 2
71.6117 2
71.7707 2
71.7777 2
71.7797 2
71.8497 2
71.8737 2
71.9137 2
71.9397 2
71.9567 2
72.1077 2
72.1367 2
72.2107 2
72.3297 2
72.3947 2
72.4897 2
72.6987 2
72.7987 2
72.8157 2
72.8877 2
72.9457 2
72.9577 2
72.9577 2
73.0427 2
73.1217 2
73.1347 2
73.1377 2
73.1537 2
73.1677 2
73.1807 2
73.2117 2
73.2257 2
73.4427 2
73.4767 2
73.6147 2
73.6217 2
73.7797 2
73.8717 2
73.9827 2
74.0227 2
74.1067 2
74.1697 2
74.3637 2
74.5767 2
74.6207 2
74.7427 2
74.7667 2
74.7687 2
74.9677 2
75.1667 2
75.2367 2
75.2577 2
75.5237 2
75.6587 2
75.6887 2
75.7097 2
75.7397 2
75.9267 2
75.9797 2
76.1347 2
76.1787 2
76.2007 2
76.2077 2
76.3657 2
76.4357 2
76.5357 2
76.5497 2
76.5637 2
76.6427 2
76.8557 2
76.8567 2
76.8587 2
76.9037 2
77.1217 2
77.1477 2
77.2307 2
77.2357 2
77.3767 2
77.4387 2
77.4557 2
77.6677 2
77.7367 2
77.8427 2
77.8607 2
77.9377 2
77.9917 2
78.0127 2
78.0407 2
78.1067 2
78.1837 2
78.2537 2
78.3707 2
78.3747 2
78.3967 2
78.5387 2
78.5557 2
78.5617 2
78.6997 2
78.7017 2
78.8417 2
78.8847 2
78.8977 2
79.0817 2
79.2617 2
79.2707 2
79.2877 2
79.2917 2
79.3207 2
79.4587 2
79.4727 2
79.5077 2
79.5417 2
79.5457 2
79.5537 2
79.6797 2
79.7437 2
79.7587 2
79.7607 2
79.8347 2
79.8407 2
79.8497 2
79.8567 2
79.8857 2
80.0617 2
80.0757 2
80.0887 2
80.0987 2
80.1757 2
80.1787 2
80.3137 2
80.3917 2
80.3927 2
80.5227 2
80.6337 2
80.6637 2
80.7057 2
80.7227 2
80.8907 2
80.9207 2
80.9557 2
81.1537 2
81.2917 2
81.3027 2
81.3447 2
81.3657 2
81.4817 2
81.4957 2
81.5257 2
81.5337 2
81.6097 2
81.6117 2
81.7707 2
81.7777 2
81.7797 2
81.8497 2
81.8737 2
81.9137 2
81.9397 2
81.9567 2
82.1077 2
82.1367 2
82.2107 2
82.3297 2
82.3947 2
82.4897 2
82.6987 2
82.7987 2
82.8157 2
82.8877 2
82.9457 2
82.9577 2
82.9577 2
83.0427 2
83.1217 2
83.1347 2
83.1377 2
83.1537 2
83.1677 2
83.1807 2
83.2117 2
83.2257 2
83.4427 2
83.4767 2
83.6147 2
83.6217 2
83.7797 2
83.8717 2
83.9827 2
84.0227 2
84.1067 2
84.1697 2
84.3637 2
84.5767 2
84.6207 2
84.7427 2
84.7667 2
84.7687 2
84.9677 2
85.1667 2
85.2367 2
85.2577 2
85.5237 2
85.6587 2
85.6887 2
85.7097 2
85.7397 2
85.9267 2
85.9797 2
86.1347 2
86.1787 2
86.2007 2
86.2077 2
86.3657 2
86.4357 2
86.5357 2
86.5497 2
86.5637 2
86.6427 2
86.8557 2
86.8567 2
86.8587 2
86.9037 2
87.1217 2
87.1477 2
87.2307 2
87.2357 2
87.3767 2
87.4387 2
87.4557 2
87.6677 2
87.7367 2
87.8427 2
87.8607 2
87.9377 2
87.9917 2
88.0127 2
88.0407 2
88.1067 2
88.1837 2
88.2537 2
88.3707 2
88.3747 2
88.3967 2
88.5387 2
88.5557 2
88.5617 2
88.6997 2
88.7017 2
88.8417 2
88.8847 2
88.8977 2
89.0817 2
89.2617 2
89.2707 2
89.2877 2
89.2917 2
89.3207 2
89.4587 2
89.4727 2
89.5077 2
89.5417 2
89.5457 2
89.5537 2
89.6797 2
89.7437 2
89.7587 2
89.7607 2
89.8347 2
89.8407 2
89.8497 2
89.8567 2
89.8857 2
90.0617 2
90.0757 2
90.0887 2
90.0987 2
90.1757 2
90.1787 2
90.3137 2
90.3917 2
90.3927 2
90.5227 2
90.6337 2
90.6637 2
90.7057 2
90.7227 2
90.8907 2
90.9207 2
90.9557 2
91.1537 2
91.2917 2
91.3027 2
91.3447 2
91.3657 2
91.4817 2
91.4957 2
91.5257 2
91.5337 2
91.6097 2
91.6117 2
91.7707 2
91.7777 2
91.7797 2
91.8497 2
91.8737 2
91.9137 2
91.9397 2
91.9567 2
92.1077 2
92.1367 2
92.2107 2
92.3297 2
92.3947 2
92.4897 2
92.6987 2
92.7987 2
92.8157 2
92.8877 2
92.9457 2
92.9577 2
92.9577 2
93.0427 2
93.1217 2
93.1347 2
93.1377 2
93.1537 2
93.1677 2
93.1807 2
93.2117 2
93.2257 2
93.4427 2
93.4767 2
93.6147 2
93.6217 2
93.7797 2
93.8717 2
93.9827 2
94.0227 2
94.1067 2
94.1697 2
94.3637 2
94.5767 2
94.6207 2
94.7427 2
94.7667 2
94.7687 2
94.9677 2
95.1667 2
95.2367 2
95.2577 2
95.5237 2
95.6587 2
95.6887 2
95.7097 2
95.7397 2
95.9267 2
95.9797 2
96.1347 2
96.1787 2
96.2007 2
96.2077 2
96.3657 2
96.4357 2
96.5357 2
96.5497 2
96.5637 2
96.6427 2
96.8557 2
96.8567 2
96.8587 2
96.9037 2
97.1217 2
97.1477 2
97.2307 2
97.2357 2
97.3767 2
97.4387 2
97.4557 2
97.6677 2
97.7367 2
97.8427 2
97.8607 2
97.9377 2
97.9917 2
98.0127 2
98.0407 2
98.1067 2
98.1837 2
98.2537 2
98.3707 2
98.3747 2
98.3967 2
98.5387 2
98.5557 2
98.5617 2
98.6997 2
98.7017 2
98.8417 2
98.8847 2
98.8977 2
99.0817 2
99.2617 2
99.2707 2
99.2877 2
99.2917 2
99.3207 2
99.4587 2
99.4727 2
99.5077 2
99.5417 2
99.5457 2
99.5537 2
99.6797 2
99.7437 2
99.7587 2
99.7607 2
99.8347 2
99.8407 2
99.8497 2
99.8567 2
99.8857 2
100.062 2
100.076 2
100.089 2
100.099 2
100.176 2
100.179 2
100.314 2
100.392 2
100.393 2
100.523 2
100.634 2
100.664 2
100.706 2
100.723 2
100.891 2
100.921 2
100.956 2
101.154 2
101.292 2
101.303 2
101.345 2
101.366 2
101.482 2
101.496 2
101.526 2
101.534 2
101.61 2
101.612 2
101.771 2
101.778 2
101.78 2
101.85 2
101.874 2
101.914 2
101.94 2
101.957 2
102.108 2
102.137 2
102.211 2
102.33 2
102.395 2
102.49 2
102.699 2
102.799 2
102.816 2
102.888 2
102.946 2
102.958 2
102.958 2
103.043 2
103.122 2
103.135 2
103.138 2
103.154 2
103.168 2
103.181 2
103.212 2
103.226 2
103.443 2
103.477 2
103.615 2
103.622 2
103.78 2
103.872 2
103.983 2
