Sta node#,distance,timerx(notassociated),timeidle(notassociated),timetx(notassociated),timesleep(notassociated),timecollision(notassociated)
0,88.6872,3.31934,(27.9605),23.0681,(25.8875),0.03048,(0.1856),23.3121,(0),0.00490921,(0.23061)
1,189.982,3.35626,(27.8628),23.1532,(25.8859),0.01172,(0.2768),23.2119,(0),0.00491403,(0.235715)
2,196.35,3.17518,(28.2184),22.7416,(26.5924),0.03048,(0.2752),22.7273,(0),0.00405334,(0.234487)
3,196.452,3.21102,(28.1225),22.7559,(26.5648),0.01976,(0.272),22.8138,(0),0.00474223,(0.234582)
4,30.0587,3.27642,(28.1798),22.7682,(26.5534),0.0144,(0.1616),22.8098,(0),0.0050687,(0.230417)
5,149.688,3.16698,(28.3284),22.5973,(26.863),0.01708,(0.2688),22.5165,(0),0.00477106,(0.236209)
6,104.601,3.31374,(27.9059),23.1336,(25.8756),0.03316,(0.1936),23.3048,(0),0.00506619,(0.233599)
7,141.167,3.11826,(28.3975),22.5846,(26.8747),0.03048,(0.2336),22.5204,(0),0.00372867,(0.235811)
8,101.385,3.0227,(28.5633),22.3631,(27.2471),0.03048,(0.2192),22.316,(0),0.00340465,(0.233881)
9,199.519,3.13274,(28.3414),22.5867,(26.8736),0.01708,(0.2864),22.5204,(0),0.00372318,(0.237077)
10,184.334,3.25774,(28.0436),22.9417,(26.2121),0.01708,(0.2736),23.0141,(0),0.00490406,(0.234237)
11,180.329,3.32966,(27.8723),23.1481,(25.892),0.01708,(0.2928),23.2109,(0),0.00491219,(0.231296)
12,76.7303,3.11634,(28.4701),22.5804,(26.8808),0.0144,(0.1824),22.5164,(0),0.00372631,(0.234599)
13,131.012,3.21542,(28.2258),22.7598,(26.5845),0.01708,(0.2384),22.719,(0),0.00404791,(0.23506)
14,162.708,3.1365,(28.3513),22.5835,(26.8775),0.01172,(0.2848),22.5125,(0),0.00372245,(0.237523)
15,199.228,3.3225,(27.864),23.1449,(25.8945),0.01976,(0.3024),23.2119,(0),0.00491019,(0.234246)
16,33.2833,3.11306,(28.5354),22.381,(27.2291),0.0144,(0.1696),22.3161,(0),0.00388577,(0.236485)
17,178.429,3.25862,(28.0561),22.9396,(26.214),0.01172,(0.2656),23.0143,(0),0.00490719,(0.234215)
18,87.7995,3.03834,(28.6245),22.4065,(27.259),0.01172,(0.2016),22.2175,(0),0.00340363,(0.23657)
19,180.139,3.22314,(28.1801),22.7626,(26.5813),0.01976,(0.28),22.7152,(0),0.00405024,(0.232945)
20,120.563,3.22134,(28.1505),22.7616,(26.5592),0.03048,(0.2256),22.8137,(0),0.00506637,(0.231696)
21,141.113,3.03746,(28.5918),22.4081,(27.2568),0.01708,(0.2288),22.2173,(0),0.00340614,(0.238346)
22,170.394,3.32682,(27.9166),23.1429,(25.8983),0.01976,(0.2624),23.1943,(0),0.00491415,(0.233181)
23,68.6675,3.29474,(28.0925),22.9521,(26.2018),0.0144,(0.1904),23.0143,(0),0.0049065,(0.233962)
24,130.581,3.05942,(28.5917),22.4118,(27.2538),0.0144,(0.2176),22.2096,(0),0.00340506,(0.23739)
25,167.179,3.34906,(27.9838),22.9643,(26.1893),0.0144,(0.2448),23.0143,(0),0.00490779,(0.234318)
26,101.842,3.23262,(28.232),22.7622,(26.5824),0.01172,(0.2288),22.7112,(0),0.00404908,(0.23416)
27,194.014,3.39514,(27.7697),23.1448,(25.8609),0.01172,(0.2624),23.3139,(0),0.00540118,(0.235073)
28,148.805,3.27474,(28.0191),22.9507,(26.2038),0.03584,(0.272),23.0045,(0),0.00530024,(0.233139)
29,132.565,3.19686,(28.2396),22.7535,(26.5906),0.0144,(0.248),22.719,(0),0.0040465,(0.233086)
30,151.755,3.21462,(28.1748),22.7589,(26.5855),0.01708,(0.2928),22.715,(0),0.00404495,(0.236369)
31,37.6077,3.29222,(28.0372),22.9507,(26.1857),0.0144,(0.1696),23.1117,(0),0.0049066,(0.232621)
32,129.983,17.6253,(0.46364),44.0107,(1.21596),0.39764,(0.0048),40.2494,(0),0.0293614,(0.00231669)
33,126.939,3.18406,(28.2928),22.7495,(26.5946),0.01708,(0.2064),22.7152,(0),0.0040512,(0.235416)
34,89.207,3.32238,(27.9006),23.1296,(25.8773),0.0144,(0.2064),23.3099,(0),0.00490703,(0.233656)
35,58.9327,3.03106,(28.6143),22.3612,(27.2489),0.01172,(0.1728),22.32,(0),0.0034029,(0.235834)
36,124.069,3.2925,(28.0626),22.9534,(26.2061),0.01708,(0.2352),22.9938,(0),0.00520611,(0.233239)
37,187.958,3.03162,(28.5672),22.4046,(27.2608),0.01172,(0.2656),22.2169,(0),0.00340025,(0.2372)
38,180.665,3.26114,(28.0537),22.9414,(26.2109),0.01708,(0.2624),23.0141,(0),0.00491162,(0.233447)
39,102.627,3.23842,(28.1003),22.9401,(26.2133),0.03048,(0.2192),23.0181,(0),0.00490883,(0.234237)
40,161.226,3.03162,(28.5022),22.362,(27.2477),0.01708,(0.2816),22.3161,(0),0.00340139,(0.237472)
41,41.7235,3.20886,(28.2484),22.7531,(26.5693),0.01172,(0.1632),22.809,(0),0.00458156,(0.230984)
42,164.638,3.01206,(28.5326),22.3636,(27.2486),0.03852,(0.2576),22.3069,(0),0.00340577,(0.235726)
43,195.377,3.1237,(28.3553),22.5823,(26.8778),0.01976,(0.2848),22.5158,(0),0.00372875,(0.235956)
44,163.862,3.1733,(28.247),22.7449,(26.5992),0.0144,(0.2672),22.7152,(0),0.00404647,(0.233867)
45,105.166,3.18194,(28.3764),22.5997,(26.8608),0.0144,(0.2096),22.5165,(0),0.00509252,(0.234582)
46,61.752,3.15502,(28.431),22.5972,(26.8642),0.03048,(0.1696),22.5125,(0),0.00476656,(0.234377)
47,50.6155,3.3491,(27.9595),23.1516,(25.8886),0.0144,(0.1856),23.2116,(0),0.00490834,(0.233848)
48,98.6069,3.35582,(27.948),23.1542,(25.8856),0.0144,(0.1936),23.2117,(0),0.00490904,(0.230761)
49,178.518,3.0285,(28.567),22.4051,(27.2595),0.01708,(0.264),22.2176,(0),0.00340047,(0.236882)
50,170.837,3.30518,(27.9196),23.1212,(25.918),0.01172,(0.2736),23.2119,(0),0.00490854,(0.233002)
51,69.0848,3.16166,(28.4059),22.5949,(26.8658),0.01272,(0.2032),22.5165,(0),0.00476904,(0.233567)
52,132.676,3.3691,(27.909),23.1593,(25.8847),0.01708,(0.2272),23.1938,(0),0.00491042,(0.234037)
53,164.409,3.1025,(28.3704),22.5807,(26.8799),0.03048,(0.2768),22.5165,(0),0.00372195,(0.23804)
54,178.582,3.05546,(28.5313),22.4107,(27.2529),0.0144,(0.2768),22.2175,(0),0.0034074,(0.23663)
55,180.743,3.10574,(28.3652),22.5829,(26.8762),0.03852,(0.2704),22.5204,(0),0.00372999,(0.23598)
56,133.828,3.19086,(28.2546),22.7488,(26.5959),0.01172,(0.248),22.7112,(0),0.00404801,(0.233996)
57,162.456,3.20494,(28.256),22.756,(26.5884),0.01708,(0.2224),22.7152,(0),0.00404549,(0.235189)
58,195.408,3.26814,(28.0241),22.9445,(26.2096),0.01708,(0.2864),23.0101,(0),0.00490307,(0.234266)
59,145.814,3.12826,(28.3811),22.585,(26.8752),0.01708,(0.2544),22.5204,(0),0.00372656,(0.233872)
60,98.6626,3.37606,(27.8341),23.1414,(25.865),0.0144,(0.2192),23.3101,(0),0.00539912,(0.233596)
61,113.467,3.27722,(28.0722),22.9528,(26.2006),0.03316,(0.2096),23.0141,(0),0.00624808,(0.233284)
62,153.477,3.37098,(27.8816),23.1591,(25.8805),0.01708,(0.2448),23.2079,(0),0.00506868,(0.232109)
63,84.267,3.01742,(28.6427),22.4026,(27.263),0.02512,(0.1968),22.2135,(0),0.00340175,(0.234551)
64,17.8893,3.07142,(28.642),22.497,(27.2521),0.0144,(0.1616),22.1236,(0),0.00340361,(0.233687)
65,73.3252,3.06694,(28.6173),22.4141,(27.2512),0.0144,(0.1808),22.2136,(0),0.00340514,(0.23732)
66,103.262,3.04954,(28.5658),22.3892,(27.2445),0.0144,(0.2064),22.2884,(0),0.00340576,(0.237486)
67,157.584,3.17878,(28.2378),22.7463,(26.5979),0.01708,(0.2704),22.7112,(0),0.00405187,(0.235577)
68,133.131,3.06774,(28.5417),22.4096,(27.241),0.0144,(0.216),22.2676,(0),0.00340573,(0.237674)
69,151.836,3.20714,(28.2104),22.7595,(26.5848),0.03048,(0.256),22.7112,(0),0.00404978,(0.23543)
70,164.27,3.33362,(27.9152),23.1196,(25.895),0.0144,(0.256),23.2286,(0),0.00491087,(0.231845)
71,163.368,3.31134,(27.9974),22.9564,(26.1983),0.01708,(0.2768),23.0056,(0),0.00491053,(0.231246)
72,170.233,3.3673,(27.8206),23.1057,(25.8686),0.01708,(0.248),23.334,(0),0.00523724,(0.232671)
73,85.2558,3.24846,(28.08),22.9076,(26.2044),0.04388,(0.2144),23.0635,(0),0.00490608,(0.231908)
74,173.4,3.18354,(28.2336),22.7507,(26.5986),0.0144,(0.2768),22.7019,(0),0.00404857,(0.235453)
75,118.794,3.13506,(28.3359),22.5834,(26.8565),0.0144,(0.224),22.6108,(0),0.00388278,(0.23519)
76,187.909,3.18774,(28.2402),22.7332,(26.5969),0.0144,(0.264),22.7238,(0),0.004051,(0.234911)
77,180.813,3.19134,(28.2391),22.7526,(26.5916),0.02244,(0.2512),22.7112,(0),0.00405144,(0.235655)
78,173.564,3.30622,(28),22.9102,(26.1999),0.01172,(0.2784),23.0532,(0),0.00491023,(0.234582)
79,38.0552,3.15702,(28.3907),22.5876,(26.8524),0.0144,(0.1472),22.6108,(0),0.00404783,(0.234879)
80,122.46,3.36222,(27.8538),23.0912,(25.8689),0.01976,(0.2192),23.3482,(0),0.0052336,(0.230569)
81,175.299,3.10778,(28.2944),22.5839,(26.8568),0.03584,(0.2736),22.6105,(0),0.00372781,(0.232638)
82,164.661,3.28106,(28.0475),22.9188,(26.2093),0.0144,(0.2608),23.0278,(0),0.00526665,(0.234167)
83,129.379,3.18154,(28.2133),22.7441,(26.5771),0.01172,(0.2224),22.8097,(0),0.00420484,(0.23496)
84,130.543,3.0965,(28.5113),22.3977,(27.2338),0.0144,(0.2176),22.2871,(0),0.00356203,(0.23718)
85,81.6535,3.31518,(28.0678),22.9566,(26.1974),0.0144,(0.1984),23.0103,(0),0.0049099,(0.234176)
86,176.295,3.23102,(28.2177),22.7912,(26.5831),0.01172,(0.2432),22.6808,(0),0.00404435,(0.236399)
87,132.666,3.1837,(28.2692),22.747,(26.5975),0.0144,(0.24),22.7112,(0),0.00404883,(0.232128)
88,189.749,3.21578,(28.209),22.7167,(26.5867),0.01708,(0.2656),22.7499,(0),0.00405101,(0.234276)
89,115.172,3.2137,(28.1924),22.7534,(26.5675),0.01172,(0.2144),22.8098,(0),0.00474289,(0.231376)
90,188.646,3.05718,(28.5474),22.5062,(27.2543),0.0144,(0.2656),22.1143,(0),0.00340036,(0.236251)
91,190.211,3.0683,(28.5017),22.3706,(27.2389),0.02244,(0.2496),22.3074,(0),0.00340794,(0.236665)
92,189.207,3.06382,(28.498),22.441,(27.2437),0.0144,(0.272),22.2251,(0),0.00340474,(0.237724)
93,146.747,3.17394,(28.2624),22.7431,(26.6019),0.0144,(0.2592),22.707,(0),0.00404646,(0.233152)
94,189.515,3.07438,(28.4905),22.4721,(27.2418),0.01708,(0.2688),22.193,(0),0.0034019,(0.238075)
95,147.589,3.1717,(28.2528),22.742,(26.6026),0.0144,(0.2688),22.7072,(0),0.00405113,(0.235545)
96,53.0245,3.28062,(28.1295),23.027,(26.2081),0.0144,(0.1728),22.9292,(0),0.00490529,(0.232647)
97,193.761,3.1255,(28.3633),22.5834,(26.8792),0.01708,(0.2832),22.507,(0),0.00372471,(0.236741)
98,46.6392,3.16102,(28.2657),22.8598,(26.5776),0.03048,(0.1744),22.6933,(0),0.00404889,(0.232774)
99,159.898,3.09174,(28.4653),22.3754,(27.2351),0.01172,(0.2704),22.308,(0),0.00340298,(0.237991)
100,111.936,3.31614,(27.969),23.1216,(25.8997),0.0144,(0.216),23.2259,(0),0.00490844,(0.231478)
101,17.5818,3.15402,(28.5083),22.3896,(27.2211),0.0144,(0.1616),22.312,(0),0.00388781,(0.234221)
102,186.199,3.14178,(28.3122),22.5378,(26.8544),0.01172,(0.24),22.6608,(0),0.00388826,(0.236438)
103,156.742,3.0381,(28.5495),22.4069,(27.2589),0.01708,(0.2784),22.209,(0),0.00340655,(0.237771)
104,145.697,3.03306,(28.594),22.4689,(27.2623),0.01172,(0.24),22.1477,(0),0.00340069,(0.238007)
105,86.1363,3.0439,(28.5741),22.3631,(27.2473),0.0144,(0.2096),22.3081,(0),0.00340522,(0.235196)
106,151.011,3.3383,(27.8966),23.1001,(25.8906),0.01976,(0.2608),23.2536,(0),0.00491262,(0.234469)
107,196.981,3.16362,(28.328),22.5993,(26.8612),0.03048,(0.2592),22.5164,(0),0.00508537,(0.235776)
108,40.2506,3.19906,(28.3294),22.8084,(26.5937),0.0144,(0.168),22.65,(0),0.00404695,(0.232156)
109,139.456,3.33834,(27.8531),23.1329,(25.8739),0.0144,(0.2416),23.3061,(0),0.00506996,(0.233741)
110,191.483,3.33674,(27.9159),23.152,(25.8913),0.0144,(0.2448),23.2055,(0),0.00507046,(0.233361)
111,176.784,3.2659,(28.0632),22.9437,(26.2104),0.01708,(0.2496),23.0101,(0),0.00490638,(0.234213)
112,183.433,3.14914,(28.3134),22.5063,(26.8527),0.0144,(0.2304),22.6943,(0),0.00388513,(0.234537)
113,151.718,3.24186,(28.2062),22.7651,(26.5791),0.0144,(0.2416),22.7112,(0),0.00405298,(0.235581)
114,76.7324,3.35958,(27.9398),23.2158,(25.8822),0.03048,(0.1904),23.1405,(0),0.00749121,(0.232877)
115,145.245,3.2945,(27.9371),23.1395,(25.9003),0.03316,(0.248),23.2079,(0),0.00507204,(0.23367)
116,180.891,3.3435,(27.9843),22.9278,(26.1912),0.01172,(0.2576),23.0469,(0),0.00491201,(0.23129)
117,186.51,3.3177,(27.8778),23.1492,(25.8931),0.03316,(0.2896),23.2024,(0),0.00491229,(0.231316)
118,139.864,3.34614,(27.8582),23.0679,(25.8728),0.01172,(0.2352),23.3712,(0),0.00523211,(0.23065)
119,44.5993,3.03894,(28.6436),22.4094,(27.2565),0.0278,(0.17388),22.2096,(0),0.00340436,(0.236031)
120,139.555,3.1933,(28.2554),22.7318,(26.5942),0.0144,(0.2416),22.7293,(0),0.00404809,(0.235103)
121,192.366,3.08538,(28.4936),22.373,(27.2361),0.0144,(0.248),22.3081,(0),0.00340696,(0.237091)
122,198.064,3.3233,(27.91),23.115,(25.8964),0.0144,(0.2624),23.2375,(0),0.00490965,(0.23513)
123,152.623,3.27718,(28.0392),22.9458,(26.2067),0.01708,(0.2608),23.0143,(0),0.00491103,(0.233159)
124,83.3834,3.14246,(28.5118),22.4855,(27.2238),0.0144,(0.1744),22.2094,(0),0.00388651,(0.233392)
125,177.402,3.17518,(28.2462),22.7436,(26.6007),0.01172,(0.272),22.7112,(0),0.00404799,(0.234407)
126,168.795,3.06898,(28.5252),22.4714,(27.2521),0.01172,(0.2784),22.1514,(0),0.00340672,(0.236387)
127,72.1376,3.20301,(28.0708),22.6742,(26.2024),0.0144,(0.2144),23.3807,(0),0.00521936,(0.234089)
128,109.275,3.2363,(27.9306),23.4563,(25.8906),0.01172,(0.2256),23.01,(0),0.00505223,(0.232876)
129,139.159,3.11561,(27.9571),22.7312,(25.8987),0.03048,(0.2224),23.8038,(0),0.00489049,(0.234951)
130,59.0285,3.28514,(27.9542),23.5461,(25.8841),0.03048,(0.1808),22.8804,(0),0.00521429,(0.232668)
131,172.124,3.12225,(27.9116),22.7338,(25.8961),0.03316,(0.2592),23.8038,(0),0.00488931,(0.234385)
132,123.186,3.09116,(28.5694),24.0925,(27.2526),0.0144,(0.2352),20.5018,(0),0.00440446,(0.237694)
133,76.2682,3.02801,(28.5594),22.075,(27.2465),0.0144,(0.2176),22.6168,(0),0.00440384,(0.23698)
134,149.795,3.23078,(27.8551),23.4204,(25.8734),0.03316,(0.2384),23.11,(0),0.00521727,(0.232736)
135,67.7705,3.10141,(28.4353),22.2855,(26.8788),0.0144,(0.2064),22.8364,(0),0.00488991,(0.236007)
136,99.5894,3.1745,(28.4143),22.9498,(26.8725),0.0144,(0.208),22.1235,(0),0.00489014,(0.237203)
137,157.461,3.19581,(28.0103),22.6042,(26.1931),0.01172,(0.2416),23.5061,(0),0.00505352,(0.231174)
138,144.021,3.14106,(28.3839),22.6049,(26.8715),0.0144,(0.2368),22.5056,(0),0.00388895,(0.237072)
139,163.511,3.20285,(28.2711),23.6742,(26.6001),0.01172,(0.2432),21.7548,(0),0.00489297,(0.236243)
140,141.777,3.04466,(28.5978),22.501,(27.2581),0.01708,(0.2256),22.1142,(0),0.00340186,(0.237277)
141,138.355,3.25161,(28.1276),23.669,(26.557),0.02512,(0.2336),21.8951,(0),0.00575082,(0.234372)
142,28.6614,3.0919,(28.5412),22.3778,(27.2321),0.0144,(0.1824),22.32,(0),0.00372644,(0.235608)
143,136.052,3.32425,(28.062),23.982,(26.2053),0.0144,(0.2336),21.9388,(0),0.00575346,(0.233067)
144,168.427,3.30874,(27.886),23.1265,(25.8796),0.01172,(0.2336),23.3139,(0),0.00490816,(0.234188)
145,39.8874,3.26337,(28.2481),23.7853,(26.5749),0.01172,(0.1792),21.6982,(0),0.00521469,(0.234741)
146,80.4414,3.23602,(28.2485),22.769,(26.5803),0.0144,(0.2048),22.7104,(0),0.00404806,(0.231675)
147,83.9096,3.40645,(28.0539),24.1391,(26.1961),0.01172,(0.2112),21.7443,(0),0.00591309,(0.231935)
148,82.304,3.13522,(28.3262),22.5838,(26.8557),0.01172,(0.2288),22.6188,(0),0.00388398,(0.235011)
